    40
     1   -0.292686    0.506948    0.000000       0.015625
     2   -0.195124    0.337965    0.000000       0.015625
     3   -0.097562    0.168983    0.000000       0.015625
     4    0.000000    0.000000    0.000000       0.015625
     5    0.097562   -0.168983    0.000000       0.015625
     6    0.195124   -0.337965    0.000000       0.015625
     7    0.292686   -0.506948    0.000000       0.015625
     8    0.390248   -0.675930    0.000000       0.015625
     9   -0.195124    0.675930    0.000000       0.031250
    10   -0.097562    0.506948    0.000000       0.031250
    11    0.000000    0.337965    0.000000       0.031250
    12    0.097562    0.168983    0.000000       0.031250
    13    0.195124    0.000000    0.000000       0.031250
    14    0.292686   -0.168983    0.000000       0.031250
    15    0.390248   -0.337965    0.000000       0.031250
    16    0.487811   -0.506948    0.000000       0.031250
    17   -0.097562    0.844913    0.000000       0.031250
    18    0.000000    0.675930    0.000000       0.031250
    19    0.097562    0.506948    0.000000       0.031250
    20    0.195124    0.337965    0.000000       0.031250
    21    0.292686    0.168983    0.000000       0.031250
    22    0.390248    0.000000    0.000000       0.031250
    23    0.487811   -0.168983    0.000000       0.031250
    24    0.585373   -0.337965    0.000000       0.031250
    25    0.000000    1.013895    0.000000       0.031250
    26    0.097562    0.844913    0.000000       0.031250
    27    0.195124    0.675930    0.000000       0.031250
    28    0.292686    0.506948    0.000000       0.031250
    29    0.390248    0.337965    0.000000       0.031250
    30    0.487811    0.168983    0.000000       0.031250
    31    0.585373    0.000000    0.000000       0.031250
    32    0.682935   -0.168983    0.000000       0.031250
    33    0.097562    1.182878    0.000000       0.015625
    34    0.195124    1.013895    0.000000       0.015625
    35    0.292686    0.844913    0.000000       0.015625
    36    0.390248    0.675930    0.000000       0.015625
    37    0.487811    0.506948    0.000000       0.015625
    38    0.585373    0.337965    0.000000       0.015625
    39    0.682935    0.168983    0.000000       0.015625
    40    0.780497    0.000000    0.000000       0.015625
