    28
     1   -0.334499    0.579369    0.000000       0.020408
     2   -0.222999    0.386246    0.000000       0.020408
     3   -0.111500    0.193123    0.000000       0.020408
     4    0.000000    0.000000    0.000000       0.020408
     5    0.111500   -0.193123    0.000000       0.020408
     6    0.222999   -0.386246    0.000000       0.020408
     7    0.334499   -0.579369    0.000000       0.020408
     8   -0.222999    0.772492    0.000000       0.040816
     9   -0.111500    0.579369    0.000000       0.040816
    10    0.000000    0.386246    0.000000       0.040816
    11    0.111500    0.193123    0.000000       0.040816
    12    0.222999    0.000000    0.000000       0.040816
    13    0.334499   -0.193123    0.000000       0.040816
    14    0.445998   -0.386246    0.000000       0.040816
    15   -0.111500    0.965615    0.000000       0.040816
    16    0.000000    0.772492    0.000000       0.040816
    17    0.111500    0.579369    0.000000       0.040816
    18    0.222999    0.386246    0.000000       0.040816
    19    0.334499    0.193123    0.000000       0.040816
    20    0.445998    0.000000    0.000000       0.040816
    21    0.557498   -0.193123    0.000000       0.040816
    22    0.000000    1.158738    0.000000       0.040816
    23    0.111500    0.965615    0.000000       0.040816
    24    0.222999    0.772492    0.000000       0.040816
    25    0.334499    0.579369    0.000000       0.040816
    26    0.445998    0.386246    0.000000       0.040816
    27    0.557498    0.193123    0.000000       0.040816
    28    0.668997    0.000000    0.000000       0.040816
