    12
     1   -0.195124    0.337965    0.000000       0.062500
     2    0.000000    0.000000    0.000000       0.062500
     3    0.195124   -0.337965    0.000000       0.062500
     4    0.390248   -0.675930    0.000000       0.062500
     5    0.000000    0.675930    0.000000       0.125000
     6    0.195124    0.337965    0.000000       0.125000
     7    0.390248    0.000000    0.000000       0.125000
     8    0.585373   -0.337965    0.000000       0.125000
     9    0.195124    1.013895    0.000000       0.062500
    10    0.390248    0.675930    0.000000       0.062500
    11    0.585373    0.337965    0.000000       0.062500
    12    0.780497    0.000000    0.000000       0.062500
