    15
     1   -0.312199    0.540744    0.000000       0.040000
     2   -0.156099    0.270372    0.000000       0.040000
     3    0.000000    0.000000    0.000000       0.040000
     4    0.156099   -0.270372    0.000000       0.040000
     5    0.312199   -0.540744    0.000000       0.040000
     6   -0.156099    0.811116    0.000000       0.080000
     7    0.000000    0.540744    0.000000       0.080000
     8    0.156099    0.270372    0.000000       0.080000
     9    0.312199    0.000000    0.000000       0.080000
    10    0.468298   -0.270372    0.000000       0.080000
    11    0.000000    1.081488    0.000000       0.080000
    12    0.156099    0.811116    0.000000       0.080000
    13    0.312199    0.540744    0.000000       0.080000
    14    0.468298    0.270372    0.000000       0.080000
    15    0.624398    0.000000    0.000000       0.080000
