    24
     1   -0.260166    0.450620    0.000000       0.027778
     2   -0.130083    0.225310    0.000000       0.027778
     3    0.000000    0.000000    0.000000       0.027778
     4    0.130083   -0.225310    0.000000       0.027778
     5    0.260166   -0.450620    0.000000       0.027778
     6    0.390248   -0.675930    0.000000       0.027778
     7   -0.130083    0.675930    0.000000       0.055556
     8    0.000000    0.450620    0.000000       0.055556
     9    0.130083    0.225310    0.000000       0.055556
    10    0.260166    0.000000    0.000000       0.055556
    11    0.390248   -0.225310    0.000000       0.055556
    12    0.520331   -0.450620    0.000000       0.055556
    13    0.000000    0.901240    0.000000       0.055556
    14    0.130083    0.675930    0.000000       0.055556
    15    0.260166    0.450620    0.000000       0.055556
    16    0.390248    0.225310    0.000000       0.055556
    17    0.520331    0.000000    0.000000       0.055556
    18    0.650414   -0.225310    0.000000       0.055556
    19    0.130083    1.126550    0.000000       0.027778
    20    0.260166    0.901240    0.000000       0.027778
    21    0.390248    0.675930    0.000000       0.027778
    22    0.520331    0.450620    0.000000       0.027778
    23    0.650414    0.225310    0.000000       0.027778
    24    0.780497    0.000000    0.000000       0.027778
